173.40737915039062
105.27410888671875
89.72724914550781
89.0828628540039
85.50006103515625
7.583980560302734
5.243082523345947
4.253678321838379
3.3992233276367188
3.3156445026397705
2.9415268898010254
2.951125144958496
2.7650630474090576
2.587900400161743
2.49896240234375
2.3962085247039795
2.4401650428771973
2.3281474113464355
2.2255656719207764
2.321033477783203
2.2170841693878174
2.238955497741699
2.229959487915039
2.1455273628234863
2.2088565826416016
1.992893934249878
1.9087698459625244
1.9560178518295288
1.872132658958435
1.9786159992218018
1.850653052330017
1.8694837093353271
1.7748537063598633
1.8598401546478271
1.7902247905731201
1.727332592010498
1.7128150463104248
1.7252159118652344
1.7142412662506104
1.6622792482376099
1.712599277496338
1.642424464225769
1.6628546714782715
1.5338737964630127
1.7127315998077393
1.5872163772583008
1.5584757328033447
1.6611264944076538
1.5010367631912231
1.5855778455734253
1.5240956544876099
1.6683404445648193
1.5427155494689941
1.5721662044525146
1.5488170385360718
1.4739865064620972
1.4240543842315674
1.4742413759231567
1.5123080015182495
1.5022960901260376
1.465489387512207
1.414351463317871
1.5341992378234863
1.445947289466858
1.3735815286636353
1.4347436428070068
1.433362364768982
1.515472173690796
1.4216974973678589
1.4709135293960571
1.5193500518798828
1.362966537475586
1.4044395685195923
1.4237818717956543
1.5123474597930908
1.3429319858551025
1.3485428094863892
1.3304831981658936
1.4729212522506714
1.417998194694519
1.3804737329483032
1.4381096363067627
1.364385724067688
1.3766577243804932
1.3348987102508545
1.3562142848968506
1.4109642505645752
1.392966628074646
1.4008208513259888
1.3501609563827515
1.289880633354187
1.3636473417282104
1.2423274517059326
1.3900821208953857
1.324196219444275
1.4203848838806152
1.3566908836364746
1.332434892654419
1.419883370399475
1.369239330291748
1.3673206567764282
1.3655462265014648
1.232617974281311
1.3781342506408691
1.5724668502807617
1.356947660446167
1.39199697971344
1.3117549419403076
1.3168692588806152
1.2996277809143066
1.2757035493850708
1.363423466682434
1.2212121486663818
1.1915165185928345
1.2421396970748901
1.361168384552002
1.3002620935440063
1.2311047315597534
1.4025195837020874
1.261963963508606
1.2574127912521362
1.2802132368087769
1.2324987649917603
1.215330719947815
1.230452299118042
1.377388596534729
1.219329595565796
1.1883426904678345
1.1676510572433472
1.3052130937576294
1.3085166215896606
1.1641398668289185
1.2950834035873413
1.1645821332931519
1.2811884880065918
1.1571099758148193
1.3229550123214722
1.2311400175094604
1.5327361822128296
1.1583579778671265
1.3489969968795776
1.231156826019287
1.183508276939392
1.2540992498397827
1.2798939943313599
1.2136887311935425
1.3456056118011475
1.1526013612747192
1.7134944200515747
1.5531364679336548
1.2874222993850708
1.1643569469451904
1.3825244903564453
1.341984748840332
1.1727429628372192
1.1665769815444946
1.1698249578475952
1.3091055154800415
1.162527322769165
1.3188257217407227
1.2914299964904785
1.2121320962905884
1.0984314680099487
1.2200638055801392
1.1760600805282593
1.2714097499847412
1.1761902570724487
1.4897547960281372
2.6597001552581787
1.1612958908081055
1.1520074605941772
1.2227458953857422
1.3049813508987427
1.369244933128357
1.7206287384033203
1.229294776916504
1.174491286277771
1.2515615224838257
1.323498010635376
1.328660249710083
1.2254104614257812
1.1053622961044312
1.3124237060546875
1.3389742374420166
1.6335022449493408
1.0862503051757812
1.1339874267578125
1.1240111589431763
1.1807365417480469
1.1084446907043457
1.2947629690170288
1.0821049213409424
1.6198493242263794
1.4231126308441162
1.323432207107544
1.7870910167694092
1.2157700061798096
1.2861565351486206
1.3605542182922363
1.2734686136245728
