62.17586135864258
59.49003601074219
52.90366744995117
55.43633270263672
54.498085021972656
54.556339263916016
52.24649429321289
50.607234954833984
43.983577728271484
41.73200225830078
39.54453659057617
40.85395431518555
39.39712142944336
34.3077278137207
33.72157287597656
34.13353729248047
33.46647262573242
32.39502716064453
28.31868553161621
23.951644897460938
20.92728614807129
21.324445724487305
20.555103302001953
15.453534126281738
15.5828218460083
19.870899200439453
15.354291915893555
16.466598510742188
17.42519187927246
14.563011169433594
11.740059852600098
19.121742248535156
21.07961082458496
16.021814346313477
17.893077850341797
17.029861450195312
13.927345275878906
12.32420825958252
13.552716255187988
13.632298469543457
16.890472412109375
13.810148239135742
14.49870491027832
13.319493293762207
16.03125762939453
13.211746215820312
11.563199996948242
13.410497665405273
12.947516441345215
13.593791961669922
10.51689624786377
10.998438835144043
11.124505996704102
9.61265754699707
10.264381408691406
6.9016618728637695
9.566183090209961
8.337518692016602
8.670353889465332
6.645017623901367
9.069080352783203
7.632411003112793
6.692249774932861
7.00379753112793
5.800586700439453
7.221097469329834
4.591317176818848
4.262290954589844
3.8377370834350586
4.520164489746094
3.7825028896331787
3.4246513843536377
3.264967679977417
3.2237460613250732
3.916377305984497
3.4760305881500244
2.8433406352996826
2.27689790725708
2.598252773284912
2.783489465713501
2.5762228965759277
2.646913528442383
2.8508386611938477
1.8774888515472412
2.7035934925079346
1.7845877408981323
1.7893973588943481
2.6125829219818115
3.0973610877990723
2.033489465713501
2.6307928562164307
1.9258006811141968
2.3067421913146973
2.4613425731658936
2.0350589752197266
3.021634101867676
2.6827714443206787
2.8261992931365967
2.9496958255767822
3.516112804412842
3.801710605621338
2.571462631225586
4.047743320465088
2.8494205474853516
4.444179058074951
3.803436517715454
3.9822378158569336
3.074402093887329
3.699209690093994
3.59678316116333
4.326984882354736
3.9808080196380615
3.6680221557617188
5.521902561187744
4.549722194671631
3.857588052749634
4.4359564781188965
4.05640172958374
4.219149589538574
5.735356330871582
6.397923946380615
6.019970417022705
5.467360973358154
5.9959611892700195
8.20129108428955
6.713078498840332
8.838221549987793
7.376564025878906
5.230278015136719
7.948538780212402
6.337610721588135
7.222222328186035
8.21345043182373
9.562410354614258
9.50362491607666
8.50356388092041
8.088788032531738
12.303985595703125
9.130533218383789
13.834587097167969
10.725692749023438
10.827293395996094
13.044637680053711
8.566288948059082
14.065353393554688
15.15825366973877
12.060460090637207
11.237010955810547
11.561455726623535
12.444005966186523
10.095279693603516
8.585687637329102
13.820263862609863
12.116382598876953
10.945316314697266
9.656842231750488
11.336681365966797
12.293924331665039
11.448225975036621
12.73523235321045
9.901907920837402
10.632492065429688
11.982246398925781
13.612159729003906
9.759652137756348
12.398588180541992
12.24195384979248
11.501007080078125
10.73487663269043
9.737837791442871
11.287303924560547
9.237527847290039
9.91808032989502
12.129497528076172
11.123712539672852
14.119929313659668
14.217876434326172
12.976653099060059
12.388263702392578
11.555482864379883
10.068792343139648
10.548104286193848
11.403806686401367
9.275653839111328
9.666346549987793
12.135602951049805
9.087586402893066
12.146672248840332
10.970429420471191
9.537398338317871
11.000161170959473
11.015045166015625
8.685999870300293
11.973305702209473
8.267866134643555
11.765426635742188
11.601629257202148
9.323227882385254
8.4298095703125
10.709525108337402
