59.334869384765625
63.0925407409668
62.3046875
60.64500045776367
88.39488983154297
75.18048095703125
55.80225372314453
50.30200958251953
49.66582107543945
50.15644073486328
49.728660583496094
48.685020446777344
47.99029541015625
47.39018249511719
47.47576141357422
43.70930862426758
41.992591857910156
41.8626708984375
46.15248489379883
41.846435546875
45.689247131347656
32.72856521606445
39.84634780883789
30.302907943725586
28.2255916595459
35.322471618652344
32.91380310058594
32.79266357421875
24.71859359741211
22.581926345825195
27.429658889770508
31.11798858642578
31.475831985473633
22.339439392089844
25.52182960510254
28.012453079223633
30.394821166992188
26.414085388183594
24.567195892333984
29.67664337158203
31.510446548461914
23.58991241455078
23.604536056518555
25.12507438659668
16.456829071044922
19.96394157409668
23.7645263671875
19.717857360839844
17.314830780029297
18.137250900268555
17.989564895629883
20.978200912475586
19.497407913208008
19.723608016967773
23.551979064941406
16.348058700561523
20.35176658630371
22.159236907958984
20.13582420349121
23.040102005004883
27.359939575195312
29.57274627685547
29.836971282958984
26.355741500854492
22.31967544555664
19.533647537231445
25.512569427490234
22.422903060913086
18.62998390197754
18.57463264465332
21.682132720947266
24.66281509399414
30.44621467590332
17.590669631958008
24.48649024963379
26.302881240844727
30.660266876220703
23.973548889160156
30.240095138549805
22.804182052612305
20.273969650268555
24.490135192871094
20.765155792236328
21.850278854370117
27.27800750732422
27.375986099243164
24.103836059570312
19.505247116088867
18.67180061340332
17.395511627197266
19.445995330810547
18.410640716552734
20.24898338317871
18.174339294433594
18.22493553161621
21.736907958984375
17.768856048583984
15.272480964660645
16.811809539794922
20.600496292114258
23.832082748413086
18.30927085876465
13.368552207946777
17.42610740661621
18.749248504638672
12.818224906921387
15.554389953613281
20.471664428710938
18.077232360839844
14.364270210266113
13.462464332580566
8.124777793884277
17.565126419067383
16.197284698486328
18.30412483215332
10.411150932312012
10.257305145263672
6.904582977294922
16.314128875732422
15.119568824768066
10.857856750488281
15.488456726074219
14.131391525268555
10.970276832580566
10.519168853759766
9.50280475616455
14.906641006469727
10.487969398498535
13.000408172607422
9.112000465393066
7.26071834564209
11.998478889465332
10.039435386657715
10.351320266723633
10.529712677001953
10.995689392089844
9.291501998901367
10.354063987731934
12.588050842285156
6.690289497375488
8.02565860748291
5.521048545837402
8.225651741027832
5.295982837677002
6.810291290283203
8.149519920349121
6.904720306396484
7.786169528961182
10.107954978942871
6.637574195861816
10.111995697021484
12.028907775878906
9.531516075134277
8.221464157104492
7.140390872955322
14.471282958984375
8.601938247680664
8.963492393493652
6.216402530670166
7.001301288604736
11.449033737182617
6.440811634063721
6.386058807373047
5.386547088623047
10.449260711669922
7.286712646484375
5.568483352661133
10.76462173461914
6.43426513671875
9.451866149902344
6.31969690322876
7.2605767250061035
4.258666515350342
8.815790176391602
5.333713054656982
5.560884952545166
4.796212673187256
5.342949390411377
7.2135539054870605
4.118825435638428
4.049995422363281
6.659764289855957
5.497793674468994
7.104935169219971
4.299052715301514
4.9897966384887695
5.841570854187012
5.462825775146484
6.8681254386901855
5.424654483795166
4.234494209289551
5.182100772857666
4.280121326446533
