85.66483306884766
77.41983795166016
64.38748168945312
59.23542022705078
66.86662292480469
57.36115646362305
52.28361892700195
61.7476692199707
51.218875885009766
42.63124084472656
40.732627868652344
41.14045333862305
41.75765609741211
40.04936981201172
38.15590286254883
33.20630645751953
31.682533264160156
27.049787521362305
24.58165740966797
20.378929138183594
16.298696517944336
15.156911849975586
9.827990531921387
8.169407844543457
9.468467712402344
7.505795001983643
6.769667148590088
5.754868030548096
3.6062350273132324
3.4397132396698
4.002505779266357
3.272979736328125
3.7288589477539062
3.570913076400757
2.856621026992798
2.994332790374756
3.9977781772613525
3.9141976833343506
2.7017576694488525
2.6092045307159424
2.5902185440063477
3.1332685947418213
2.0357370376586914
2.1796188354492188
2.486971139907837
2.04750657081604
2.0107576847076416
1.748573899269104
1.992006778717041
2.458789348602295
1.911083698272705
1.8855059146881104
2.275209665298462
1.8655354976654053
1.7703417539596558
1.3684077262878418
1.5821456909179688
1.491751790046692
1.5719451904296875
1.7915210723876953
1.527887225151062
2.106112480163574
1.290163278579712
1.740975260734558
2.8509390354156494
1.882951021194458
1.909516453742981
2.203977346420288
2.1150763034820557
1.4762263298034668
1.8380703926086426
1.703981637954712
2.1115305423736572
1.6067997217178345
1.2541018724441528
1.371177315711975
1.4678168296813965
1.1273958683013916
1.5005910396575928
1.626439094543457
1.2859694957733154
1.0008339881896973
1.2905699014663696
1.090405821800232
1.1329197883605957
1.08788001537323
0.8274859189987183
1.2986854314804077
1.0634957551956177
1.1102392673492432
0.9528570175170898
0.8243886828422546
1.0598564147949219
0.8104578852653503
0.9720929861068726
0.9447183012962341
0.6828043460845947
0.9442048072814941
1.3348220586776733
1.0813288688659668
0.7348607778549194
0.7432241439819336
0.8166292905807495
0.9484406113624573
0.9162587523460388
0.8217841386795044
0.8696096539497375
0.6624772548675537
0.678135097026825
0.7422040104866028
0.6453332304954529
0.7457925081253052
0.7128452062606812
0.8251691460609436
0.7055889964103699
0.9042249321937561
1.1579594612121582
0.7573410272598267
0.7595874667167664
0.8161445260047913
0.77104651927948
0.5934069752693176
0.7609351277351379
0.5793145895004272
0.6561424136161804
0.7505659461021423
0.6652127504348755
0.8677924871444702
0.8282817006111145
0.9114763140678406
0.6486732363700867
0.5382449626922607
0.805025577545166
0.5636812448501587
0.6912521719932556
0.7728133797645569
0.6917322278022766
1.0073411464691162
0.639348566532135
0.7853735685348511
0.7981510162353516
0.6493058204650879
0.5367589592933655
0.9991006851196289
0.493148535490036
0.7141996622085571
0.9538968205451965
0.571064829826355
0.5456257462501526
0.5973097085952759
0.6725336313247681
0.650116503238678
0.8392865657806396
0.5270205140113831
0.7609553933143616
0.5343215465545654
0.611808717250824
0.5633912682533264
0.5957555770874023
0.8330851793289185
0.687477707862854
0.7823614478111267
0.8368620872497559
0.8721760511398315
0.7181677222251892
0.5073790550231934
0.7190122604370117
0.5716739892959595
0.5391165018081665
0.6147006154060364
0.7327690124511719
0.8837785720825195
0.7955606579780579
0.6873481869697571
1.226609468460083
0.7321733832359314
0.6449362635612488
0.9726172089576721
0.6357693672180176
0.5626060366630554
0.6035305261611938
0.7087764143943787
0.9338024854660034
0.6878581643104553
0.6894903182983398
0.5787911415100098
0.6938410401344299
0.8579626679420471
1.2287217378616333
0.6399471759796143
0.7290434837341309
0.7064087986946106
0.850304365158081
0.4965236783027649
0.6875140070915222
0.7287522554397583
0.6899595856666565
0.7391712665557861
1.0584683418273926
0.6598612070083618
